FID IID PC1 PC2 PC3 PC4
WGAAD 10 0.0550949 0.0507711 0.00845787 -0.00116914
WGAAD 15 0.0470604 0.0474843 0.00315769 0.00810905
WGAAD 18 0.0564277 0.0471303 0.00803162 -0.00242266
WGAAD 20 0.0564051 0.0436962 0.00419304 -0.007482
WGAAD 24 0.0540288 0.0477145 0.00711973 -0.00223988
WGAAD 25 0.0475798 0.0504094 0.00207224 0.00637812
WGAAD 28 0.0570727 0.0493075 0.00609508 -0.00164
WGAAD 29 0.054579 0.0496459 0.00995307 -0.00327564
WGAAD 31 0.0552207 0.0516809 0.00705046 -0.00485599
WGAAD 35 0.0545915 0.0512981 0.00909368 -0.000943343
WGAAD 43 0.0536188 0.0498081 0.00712547 -0.000408634
WGAAD 45 0.0571665 0.0520333 0.00647522 0.000794503
WGAAD 46 0.0541408 0.0492055 0.0048503 0.000316701
WGAAD 49 0.054952 0.0512473 0.00609549 -0.00326441
WGAAD 50 0.0542356 0.0514166 0.0103647 -0.000330105
WGAAD 51 0.0573638 0.0460075 0.00700032 -0.00444415
WGAAD 52 0.0531022 0.0504293 0.00867538 -0.002158
WGAAD 53 0.0554353 0.0527418 0.00714357 -0.00215405
WGAAD 54 0.0572774 0.0512245 0.00903014 -0.0031207
WGAAD 61 0.0566572 0.0493493 0.00944805 -0.00240667
WGAAD 62 0.0585267 0.0505433 0.00924713 -0.0018746
WGAAD 65 0.0562259 0.0472862 0.00965254 -0.00412273
WGAAD 66 0.0556177 0.0520624 0.0072862 -0.00291225
WGAAD 68 0.0452497 0.0454647 -7.79688e-05 0.00904727
WGAAD 69 0.0484333 0.0501983 0.0107958 0.00300938
WGAAD 71 0.0546897 0.0512575 0.00685186 -0.00397388
WGAAD 72 0.0449522 0.0454931 0.00448223 0.0100173
WGAAD 76 0.0539707 0.0501829 0.0084599 -0.00208932
WGAAD 78 0.0553475 0.0498618 0.00930274 -0.00320346
WGAAD 79 0.0561697 0.0514592 0.00703275 -0.00313477
WGAAD 80 0.0553962 0.0514872 0.00940425 5.28926e-06
WGAAD 83 0.0553278 0.0491245 0.00881354 -0.00161085
WGAAD 86 0.0560659 0.0508482 0.00653429 -0.00170405
WGAAD 89 0.0543661 0.0504336 0.00826226 0.000710458
WGAAD 90 0.0541165 0.0507568 0.0101926 -0.00113908
WGAAD 104 0.0557718 0.0475003 0.00702668 -0.00199836
WGAAD 117 0.0554379 0.0504772 0.00649813 -0.00327684
WGAAD 118 0.0464332 0.044977 0.00432683 0.00892441
WGAAD 123 0.0444127 0.0490759 -0.0025474 0.00734967
WGAAD 124 0.0528885 0.0499664 0.00858859 -0.00353433
WGAAD 125 0.0449487 0.0494415 0.00232722 0.00569401
WGAAD 126 0.0464618 0.0454666 -0.000491459 0.00885985
WGAAD 127 0.0567902 0.0502622 0.00863598 -0.00404995
WGAAD 128 0.057159 0.0505471 0.00781983 -0.00461636
WGAAD 130 0.0449277 0.0466508 0.0014082 0.00877599
WGAAD 132 0.054938 0.0490322 0.00754663 -0.000307839
WGAAD 133 0.0566597 0.0489966 0.0108532 -0.00519185
WGAAD 135 0.0540467 0.046998 0.00752859 -0.00368237
WGAAD 137 0.0568263 0.0490888 0.00859455 -0.00491473
WGAAD 140 0.0580244 0.0493915 0.00415285 -0.00565855
WGAAD 144 0.0552081 0.0525122 0.0102042 -0.0025076
WGAAD 148 0.0560968 0.052118 0.00964648 -0.000973035
WGAAD 156 0.0579607 0.0510884 0.00669117 -0.00561735
WGAAD 158 0.054916 0.0533018 0.00802151 -0.00344454
WGAAD 165 0.0564023 0.0492672 0.00739849 -0.00599445
WGAAD 166 0.0547219 0.0496384 0.00723123 -0.00405489
WGAAD 171 0.0542577 0.0514511 0.00974175 -0.00193846
WGAAD 175 0.0564291 0.0505673 0.00896647 -0.00432704
WGAAD 178 0.0580725 0.0522655 0.00642115 -0.00474746
WGAAD 179 0.0554844 0.0492802 0.00761021 0.00126175
WGAAD 186 0.0586466 0.0508974 0.00778703 -0.00664474
WGAAD 187 0.0543608 0.052803 0.0109259 -0.00178524
WGAAD 188 0.0562822 0.0516417 0.0119462 -0.00498543
WGAAD 189 0.0567294 0.0502791 0.00970333 -0.00516544
WGAAD 190 0.0564848 0.0512444 0.00833009 -0.000925493
WGAAD 191 0.053831 0.0477876 0.00967709 -0.000713194
WGAAD 192 0.0530534 0.0499036 0.00725175 -2.81312e-05
WGAAD 193 0.0539522 0.0491037 0.0101301 -0.00354945
WGAAD 194 0.0555452 0.0530712 0.00941327 -0.00554311
WGAAD 195 0.0528698 0.050045 0.00713739 0.000294623
WGAAD 196 0.0572209 0.0501624 0.00817609 -0.00405076
WGAAD 199 0.0554861 0.0511756 0.00617298 -0.00393806
WGAAD 200 0.0546958 0.0504267 0.00988688 -0.00203735
WGAAD 201 0.0576554 0.0513639 0.00870644 -0.00275951
WGAAD 202 0.0553047 0.0522577 0.0100361 0.00086039
WGAAD 230 0.0545118 0.0468328 0.00836523 -0.000438484
WGAAD 231 0.0558504 0.0503195 0.00822346 -0.00278729
WGAAD 232 0.056452 0.0506707 0.00861491 -0.0038236
WGAAD 234 0.0568343 0.0504566 0.00686866 -0.00765913
WGAAD 236 0.0547476 0.0488189 0.00906475 -0.000318473
WGAAD 237 0.058283 0.0498268 0.00792534 -0.00406619
WGAAD 238 0.0571733 0.0520967 0.0066924 -0.00195882
WGAAD 239 0.0569367 0.0462117 0.00645736 -0.000373815
WGAAD 242 0.0564638 0.0495595 0.0106818 -0.00186928
WGAAD 243 0.0579319 0.0545661 0.00833285 -0.00218113
WGAAD 245 0.0542241 0.0524314 0.0085753 -0.00168635
WGAAD 247 0.0411656 0.0474482 0.00715837 -0.00154148
WGAAD 248 0.0557418 0.0495009 0.00832405 -0.00437454
WGAAD 249 0.0570915 0.0475312 0.00983409 -0.00620878
WGAAD 251 0.0569418 0.0484937 0.0098008 -0.00190037
WGAAD 260 0.0552463 0.0533386 0.00947678 -0.00396266
WGAAD 261 0.0555281 0.0504651 0.0114455 -0.00180709
WGAAD 262 0.0533046 0.0508654 0.00860437 -0.00235499
WGAAD 263 0.0442466 0.0445397 0.00153678 0.00778958
WGAAD 264 0.0426618 0.0447573 0.00280486 0.0090215
WGAAD 268 0.0572795 0.0506905 0.00846942 -0.00316905
WGAAD 269 0.0549961 0.0509235 0.0103334 -0.00610401
WGAAD 271 0.0422588 0.0450329 0.00234915 0.0109409
WGAAD 272 0.0543843 0.0504514 0.00645698 -0.00419736
WGAAD 273 0.0485493 0.0481358 0.00199711 0.00641756
WGAAD 274 0.0425833 0.0454078 4.67671e-05 0.00613839
WGAAD 275 0.0583334 0.0495534 0.00806578 0.000284065
WGAAD 278 0.046691 0.0447142 0.00238465 0.00951049
WGAAD 280 0.0479712 0.0413139 -0.000115089 0.00743578
WGAAD 282 0.0562144 0.0523568 0.00507337 -0.00233743
WGAAD 284 0.0554527 0.0518624 0.0099119 0.00356746
WGAAD 287 0.0560716 0.0530043 0.00838669 -0.00515706
WGAAD 289 0.0573678 0.0524979 0.0060197 -0.00512533
WGAAD 293 0.0568149 0.0496479 0.00844854 -0.00479711
WGAAD 295 0.0551769 0.051594 0.0081901 -0.0038407
WGAAD 297 0.0540888 0.0495354 0.010012 -0.00232278
WGAAD 304 0.0459866 0.0475974 0.000224605 0.00874871
WGAAD 305 0.0554747 0.0522768 0.00773747 -0.001387
WGAAD 316 0.0533829 0.0506523 0.00743496 -0.00161064
WGAAD 329 0.0568651 0.0494141 0.00949705 -0.00365802
WGAAD 330 0.0462848 0.0480303 0.00227001 0.00849392
WGAAD 347 0.045401 0.0478452 -0.000621441 0.00736051
WGAAD 375 0.0554431 0.0506583 0.00699531 -0.00364592
WGAAD 377 0.0555218 0.0498548 0.00526243 0.00149374
WGAAD 378 0.0581686 0.0528058 0.00784955 -0.0022678
WGAAD 379 0.0560491 0.0482961 0.00532845 0.00112085
WGAAD 380 0.0578825 0.0505086 0.00962137 -0.00579615
WGAAD 381 0.0559648 0.0511947 0.00719054 -0.00071182
WGAAD 382 0.0465878 0.0458665 0.00257042 0.0086616
WGAAD 383 0.0553234 0.0498863 0.0094242 -0.00480631
WGAAD 384 0.0556436 0.0517188 0.00652767 -0.00214866
WGAAD 385 0.0438818 0.0455271 -0.00116792 0.00842976
WGAAD 386 0.0554539 0.0517048 0.00819207 -0.0028824
WGAAD 389 0.0580463 0.0500061 0.00796072 -0.00336091
WGAAD 390 0.0530473 0.0509846 0.00881784 -0.00280787
WGAAD 391 0.0575839 0.0508548 0.00612288 -0.00252179
WGAAD 393 0.0556289 0.0480422 0.0085766 -0.0016801
WGAAD 394 0.0557599 0.0498998 0.00847485 -0.00241226
WGAAD 395 0.0534996 0.0489262 0.00763024 -0.00338484
WGAAD 396 0.0531363 0.051557 0.00510207 0.000910708
WGAAD 397 0.0556461 0.0512741 0.00815104 -0.00281511
WGAAD 398 0.052556 0.0497561 0.00408005 0.00388761
WGAAD 399 0.0428042 0.0479829 0.00039007 0.00930702
WGAAD 401 0.0557653 0.0539593 0.00791759 -0.00234093
WGAAD 402 0.0525785 0.0493345 0.00765396 -0.00477697
WGAAD 407 0.0568973 0.052144 0.0121823 -0.00327984
WGAAD 411 0.0540316 0.0511976 0.00896527 -0.00329783
WGAAD 413 0.0569779 0.0507767 0.0119337 -0.00303438
WGAAD 417 0.0567649 0.0503714 0.00575028 -0.000616515
WGAAD 418 0.0565944 0.048426 0.0073261 -0.00719421
WGAAD 421 0.056292 0.0503619 0.00598859 -0.00543314
WGAAD 422 0.0562223 0.0499961 0.00969015 -0.00391094
WGAAD 423 0.055571 0.0509153 0.00901578 -0.00642002
WGAAD 425 0.0568372 0.0504952 0.00845035 -0.00537283
WGAAD 426 0.0569176 0.0529201 0.00612021 -0.003875
WGAAD 428 0.0478889 0.0509837 0.00626153 -0.00257988
WGAAD 431 0.0565714 0.0527313 0.00750958 -0.00456005
WGAAD 436 0.0552529 0.0506945 0.00444561 -0.00430772
WGAAD 437 0.0569151 0.0493691 0.00974408 -0.00529313
WGAAD 441 0.0571677 0.0518457 0.00547119 -0.00663378
WGAAD 442 0.0547708 0.0512873 0.00819006 -0.00270095
WGAAD 444 0.0556167 0.0539677 0.00728501 -0.00463739
WGAAD 446 0.0576756 0.0514449 0.0108877 -0.000236881
WGAAD 449 0.0448167 0.049357 -0.0018771 0.00772506
WGAAD 456 0.0596521 0.0511774 0.00987077 -0.00424473
WGAAD 459 0.055844 0.0513305 0.0100909 -0.004289
WGAAD 460 0.0548738 0.0489503 0.00828267 -0.00184872
WGAAD 462 0.0570763 0.0503824 0.009951 -0.00303435
WGAAD 463 0.0565855 0.0490472 0.0105006 -0.00498638
WGAAD 474 0.0550844 0.0495288 0.00627662 -0.00237663
WGAAD 476 0.0573506 0.049704 0.00960094 -0.00464317
WGAAD 477 0.0565442 0.0509623 0.00706223 -0.00427894
WGAAD 480 0.0566124 0.0486003 0.00874966 -0.00568524
WGAAD 481 0.0516945 0.0527341 0.00590805 0.00435581
WGAAD 486 0.0549222 0.0531936 0.00713995 -0.00430146
WGACON 1 0.055294 0.0485451 0.00856713 -0.00288357
WGACON 6 0.0578917 0.0499612 0.00870629 -0.00445888
WGACON 7 0.0576191 0.0511856 0.00647978 -0.00443919
WGACON 9 0.0502359 0.0498343 0.00390848 0.00150968
WGACON 11 0.0568588 0.0512711 0.00891546 -0.00166588
WGACON 12 0.0496494 0.0462037 0.00440872 0.00424717
WGACON 15 0.0472153 0.0457672 -0.000602467 0.0109684
WGACON 17 0.0578963 0.0531617 0.00778239 -0.00228892
WGACON 18 0.0527065 0.0519405 0.00753701 -0.00109684
WGACON 20 0.0549173 0.0519718 0.00735837 -0.00179957
WGACON 22 0.0554656 0.0517092 0.00945843 -0.0045153
WGACON 25 0.0551407 0.0491787 0.00782625 -0.00166088
WGACON 26 0.0587931 0.05006 0.0106774 -0.00421263
WGACON 29 0.0560006 0.0520745 0.00919835 -0.00303854
WGACON 30 0.0580067 0.0525741 0.00273956 -0.00215701
WGACON 31 0.0562838 0.0502156 0.0084782 -0.00435651
WGACON 32 0.0554763 0.0498673 0.0086416 -0.00180944
WGACON 33 0.0561771 0.0503374 0.00891724 -0.00384489
WGACON 34 0.0561237 0.0494138 0.00905622 -0.00716149
WGACON 35 0.056052 0.0526358 0.00818712 -0.00485341
WGACON 36 0.0543452 0.050353 0.00407202 -0.00213349
WGACON 37 0.0536944 0.0504338 0.00693376 -0.00134224
WGACON 38 0.0544782 0.0503038 0.0104805 -0.0052763
WGACON 40 0.0586984 0.0484094 0.00945177 -0.004392
WGACON 42 0.0540607 0.0511287 0.00873785 -0.00291123
WGACON 43 0.0554712 0.0505085 0.00880415 -0.00377675
WGACON 44 0.0566726 0.0512551 0.00950064 -0.00361813
WGACON 45 0.0572539 0.0515942 0.0085088 -0.0046419
WGACON 47 0.0545204 0.0487076 0.00844403 -0.00375638
WGACON 48 0.0569536 0.0507583 0.00808224 -0.00415717
WGACON 50 0.0541266 0.0498208 0.0056994 -0.00378101
WGACON 51 0.0456859 0.0452482 0.000348443 0.00732414
WGACON 52 0.0569265 0.0495 0.00696587 -0.00626483
WGACON 54 0.0542011 0.0499816 0.00651598 -0.00259367
WGACON 55 0.057371 0.0528913 0.00796094 -0.00276201
WGACON 56 0.0494665 0.047029 0.00262051 0.00462544
WGACON 57 0.0475609 0.0429154 -0.000139245 0.00757185
WGACON 58 0.0560278 0.0512405 0.00826219 -0.00363308
WGACON 60 0.0514629 0.0485092 0.0116377 -0.00188124
WGACON 61 0.0563693 0.0498155 0.0108408 -0.00349624
WGACON 62 0.0515223 0.0512133 0.000771586 0.00288139
WGACON 64 0.0559433 0.0528529 0.00590055 -0.00271111
WGACON 65 0.0560885 0.0531167 0.00880923 -0.00256344
WGACON 67 0.0554582 0.0502927 0.00932313 -0.00243461
WGACON 68 0.0570418 0.0502564 0.00769904 -0.0033361
WGACON 70 0.0577193 0.0537191 0.00623794 -0.00487688
WGACON 73 0.0546843 0.0499 0.00693454 -0.000259306
WGACON 75 0.0549662 0.053209 0.00630846 -0.000729819
WGACON 77 0.0568895 0.0494636 0.0090697 -0.00333337
WGACON 79 0.0547554 0.0498952 0.0067593 -0.00133829
WGACON 80 0.0561529 0.0478731 0.00669509 -0.00548142
WGACON 82 0.0554611 0.0503356 0.00949592 -0.00310453
WGACON 83 0.0537417 0.0516704 0.00858518 -0.00372185
WGACON 84 0.0554175 0.0508125 0.00654721 -0.00138007
WGACON 85 0.0561431 0.0525674 0.00660613 -0.00300639
WGACON 86 0.0553607 0.0522299 0.00599899 -0.00227298
WGACON 87 0.0436144 0.0447975 -0.000645641 0.00970861
WGACON 89 0.05741 0.0518523 0.0103562 -0.00485471
WGACON 90 0.0449953 0.0424035 0.00350119 0.00799304
WGACON 91 0.0565348 0.0489647 0.00768536 -0.00509983
WGACON 94 0.0558259 0.0521546 0.00741627 -0.00384788
WGACON 95 0.0563194 0.0502828 0.0105966 -0.00378289
WGACON 96 0.0550405 0.0468729 0.00691235 -0.000117586
WGACON 97 0.0547842 0.0497191 0.00610207 0.000748761
WGACON 98 0.0460109 0.0470283 0.00102961 0.0102207
WGACON 99 0.056668 0.0495478 0.0104593 -0.00123889
WGACON 100 0.0445049 0.049721 0.00314932 0.00930835
WGACON 102 0.0442284 0.0478028 0.000823917 0.00892292
WGACON 103 0.055235 0.0494333 0.0102782 -0.00374238
WGACON 104 0.0428999 0.0431284 -0.0019545 0.0117302
WGACON 106 0.045659 0.0465899 0.0103998 0.00391274
WGACON 109 0.0542357 0.050805 0.00614429 -0.00212465
WGACON 111 0.053363 0.0505703 0.00742081 -0.000234691
WGACON 112 0.0586549 0.0526892 0.00837119 -0.00128745
WGACON 113 0.0557976 0.0500341 0.00866573 0.00143496
WGACON 114 0.0557277 0.0521871 0.00977454 -0.000740886
WGACON 115 0.051757 0.0499359 0.00713607 0.000813504
WGACON 117 0.0451604 0.0441198 0.00263136 0.0119912
WGACON 118 0.0544927 0.050171 0.00925196 -0.00269838
WGACON 119 0.0546186 0.0520544 0.00666727 0.000156996
WGACON 120 0.0550863 0.0487955 0.00847175 -0.00234269
WGACON 122 0.0547321 0.0527964 0.00723137 -0.00316275
WGACON 124 0.0574561 0.0500915 0.00613144 -0.000804174
WGACON 125 0.0524567 0.0455634 0.00539536 -0.000410092
WGACON 127 0.0579029 0.0507725 0.00532814 -0.00478831
WGACON 128 0.0536221 0.0508539 0.00805089 -0.0025868
WGACON 130 0.0545516 0.0483874 0.00575043 -0.00350089
WGACON 131 0.0549945 0.0497935 0.00390008 -1.76049e-05
WGACON 134 0.0572754 0.0507311 0.00711257 -0.00484954
WGACON 135 0.0554199 0.0491723 0.00711806 -0.00403729
WGACON 136 0.0543559 0.0513662 0.0097751 -0.00162621
WGACON 137 0.0568509 0.0504474 0.00882077 -0.00419297
WGACON 139 0.0571161 0.0531659 0.00944778 -0.00375555
WGACON 140 0.058074 0.0496083 0.00846384 -0.002911
WGACON 141 0.0569187 0.0461449 0.00988852 -0.00380486
WGACON 142 0.0571605 0.0379285 0.00519722 -0.00406712
WGACON 143 0.0542852 0.0482229 0.00691578 -0.000286004
WGACON 145 0.057188 0.0486229 0.00566276 -0.000272238
WGACON 147 0.0525522 0.0498794 0.0115271 -0.000886706
WGACON 148 0.0575178 0.0498031 0.0109074 0.000616051
WGACON 150 0.0558713 0.049632 0.00854808 -0.00546195
WGACON 151 0.0562008 0.0535562 0.00894516 -0.00281386
WGACON 153 0.0553794 0.0530315 0.00900304 -0.00434005
WGACON 154 0.0570504 0.0529021 0.00940776 -0.00425336
WGACON 155 0.0523502 0.0476318 0.00281529 0.0010649
WGACON 158 0.0568486 0.04961 0.00735621 -0.00448316
WGACON 160 0.0575035 0.052336 0.00899792 -0.00418674
WGACON 161 0.0562999 0.0495931 0.00783543 -0.00134634
WGACON 162 0.057706 0.0505838 0.00713529 -0.00615024
WGACON 163 0.0559071 0.0530535 0.00797133 -0.00328774
WGACON 172 0.047061 0.0461918 0.00024702 0.00924237
WGACON 173 0.054646 0.0532024 0.00863227 -0.00293536
WGACON 174 0.055223 0.0518639 0.00557946 -0.00070664
WGACON 175 0.0479499 0.0436119 0.000647891 0.0091492
WGACON 177 0.0557766 0.0497782 0.00827781 -0.00230392
WGACON 178 0.0564762 0.0481866 0.00495911 -0.00526128
WGACON 179 0.0536311 0.0493252 0.00596872 -0.00380602
WGACON 180 0.0429939 0.0436005 -0.00153758 0.00853104
WGACON 181 0.0559389 0.0516028 0.00839307 -0.00297903
WGACON 186 0.0535637 0.0465997 0.00704024 -0.000240382
WGACON 188 0.0567386 0.0501369 0.0086603 -0.00308737
WGACON 189 0.0557502 0.0502095 0.00795213 -0.00498688
WGACON 190 0.055723 0.0524606 0.00819221 -0.00271654
WGACON 191 0.0550262 0.050193 0.00856495 -0.00108939
WGACON 193 0.0564575 0.0495755 0.00974964 -0.00469288
WGACON 196 0.0452506 0.0440714 0.00146393 0.00932897
WGACON 198 0.0437856 0.0433998 -0.000855183 0.0119581
WGACON 199 0.0531538 0.0479175 0.0110124 -0.00350876
WGACON 201 0.0554667 0.0497984 0.00755596 -0.00106538
WGACON 202 0.0585249 0.0504818 0.0110981 -0.00609315
WGACON 203 0.0565874 0.051596 0.00823912 -0.00312721
WGACON 204 0.05487 0.049052 0.00905242 -0.00369412
WGACON 205 0.0551402 0.0502765 0.0101761 -0.00446419
WGACON 206 0.058424 0.0507516 0.00630279 -0.00532458
WGACON 207 0.0535642 0.0512766 0.00676824 -0.00287093
WGACON 208 0.055392 0.0501943 0.00803861 -0.00243661
WGACON 210 0.0523687 0.0507307 0.00857335 -0.000965856
WGACON 213 0.048238 0.0486669 0.00482085 0.00837071
WGACON 214 0.0580428 0.0500858 0.00987152 -0.00168918
WGACON 217 0.0587475 0.0497357 0.00463661 -0.00486768
WGACON 218 0.0472899 0.0486144 0.000101338 0.00763982
WGACON 219 0.0517539 0.0501366 0.00286854 0.00515387
WGACON 221 0.0563232 0.0503162 0.00875949 -0.00391571
WGACON 223 0.0504403 0.0483913 0.00113132 0.00742714
WGACON 225 0.0448755 0.0430963 0.000279992 0.0101043
WGACON 226 0.0557371 0.0490228 0.0101353 -0.00160346
WGACON 228 0.0553659 0.049766 0.00608961 7.70797e-07
WGACON 230 0.0570838 0.0519829 0.00825415 -0.00518468
WGACON 231 0.04712 0.0427051 -0.000236994 0.00944908
WGACON 232 0.0548286 0.050181 0.00841886 -0.00174631
WGACON 234 0.056792 0.0501925 0.0118681 -0.00349937
WGACON 235 0.0552173 0.0506852 0.00718179 -0.00220269
WGACON 236 0.0562033 0.0498461 0.0106663 -0.00505684
WGACON 237 0.0564062 0.049636 0.00868747 -0.00278376
WGACON 240 0.0570243 0.0497242 0.0071717 -0.000476923
WGACON 241 0.0551806 0.0496274 0.0108472 -0.00233194
WGACON 242 0.054561 0.0473023 0.00699156 -0.0037727
WGACON 243 0.0578102 0.0528008 0.00922306 -0.00526739
WGACON 244 0.0583305 0.0525263 0.00849506 -0.000863623
WGACON 245 0.0587962 0.0496852 0.010963 -0.00369516
WGACON 246 0.0564534 0.0497323 0.00957802 -0.00178135
WGACON 249 0.0570392 0.0478866 0.0086054 -0.00317867
WGACON 250 0.0552693 0.050128 0.00576551 -0.00130415
WGACON 251 0.0563749 0.0515863 0.00835884 -0.000975098
WGACON 252 0.0567925 0.0519501 0.00703345 -0.00602563
WGACON 253 0.0568017 0.0509824 0.00711107 -0.00520501
WGACON 254 0.0558914 0.0514303 0.00956273 -0.00289673
WGACON 255 0.0539359 0.0530741 0.00947186 -0.000168168
WGACON 256 0.0532075 0.0467217 0.00619748 0.0027892
WGACON 257 0.0564885 0.0515835 0.00910694 -0.00565455
WGACON 259 0.057244 0.0513375 0.00691226 -0.00299583
WGACON 260 0.0559711 0.0510536 0.00732711 -0.0047314
WGACON 261 0.056131 0.0533592 0.00883215 -0.00712839
WGACON 263 0.0549254 0.0518286 0.00766288 -0.00383335
WGACON 264 0.0588173 0.0483496 0.00870612 -0.00242498
WGACON 265 0.0595431 0.0489701 0.00757767 -0.00330904
WGACON 267 0.0572729 0.0513164 0.00956822 -0.00435571
WGACON 268 0.0561716 0.0518149 0.0102881 -0.00300385
WGACON 270 0.0562077 0.0503067 0.00980744 -0.00423824
WGACON 273 0.05448 0.0527384 0.00894817 -0.00433212
WGACON 274 0.0555601 0.0514249 0.00815853 -0.00257956
WGACON 277 0.0453688 0.0486463 0.000332451 0.0101771
